Автоуслуги: 5013, 5531, 5532, 5533, 5571, 7523, 7531, 7534, 7535, 7538, 7542, 7549
Заправки: 5172, 5541, 5542, 5552, 5983 
Платные дороги: 4784 
Животные: 5995, 0742
Ремонт и мебель: 1520, 1711, 1731, 1740,1750, 1761, 1771, 1799, 2842, 5021, 5039, 5046, 5051, 5065, 5072, 5074, 5085, 5198, 5200, 5211, 5231, 5251, 5261, 5415, 5712, 5713, 5714, 5718, 5719,  5950, 7622, 7623, 7629, 7641, 7692, 7699
Кино: 7829, 7832 
Онлайн-кинотеатры: 7841
Развлечения: 7929, 7932, 7933, 7993, 7994, 7996, 7998, 7999, 8664
Цифровые товары: 0019, 5815, 5816, 5817, 5818
Косметика: 5977
Красота: 5977, 7230, 7297, 7298
Аптеки: 5122, 5292, 5295, 5912
Рестораны: 5811, 5812, 5813
Супермаркеты: 5297, 5298, 5411, 5412, 5422, 5441, 5451, 5462, 5499, 5715, 5921
Фастфуд: 5814 
Искусство: 5932, 5937, 5971, 5973, 7922, 7991 
Музыка: 5733, 5735
Образование: 8211, 8220, 8241, 8244, 8249, 8299, 8493, 8494, 8351
Книги и канцтовары: 2741, 5111, 5192, 5942, 5943, 5994 
Авиабилеты: 3000–3303, 3308, 3350, 4304, 4415, 4418, 4511, 4582
Ж/д билеты: 4011, 4112 
Duty Free: 5309
Спорттовары: 5655, 5940, 5941
Тренировки: 7911, 7941, 7992, 7997
Каршеринг: 3351–3441, 7512, 7513, 7519
Местный транспорт: 4111
Такси: 4121
Гаджеты и техника: 5722, 5732
Детские товары: 5641, 5945
Одежда и обувь: 5137, 5139, 5611, 5621, 5631,  5651, 5661, 5681, 5691, 5697, 5698, 5699, 5931, 5948, 7296
Подарки и творчество: 5947, 5949, 5970, 5972 
Цветы: 5193, 5992