Авиабилеты: 3000 - 3303, 3308, 4304, 4415, 4418, 4511, 4582 
Автоуслуги: 5013, 5511, 5521, 5531, 5532, 5533, 5571, 5599, 7531, 7534, 7535, 7538, 7542, 7549, 8676 
Аптеки: 5122, 5912 
Выставки и музеи: 7991 
Дом и ремонт: 0780, 1520, 1711, 1731, 1740, 1750, 1761, 1771, 5021, 5039, 5046, 5051, 5065, 5072, 5074, 5085, 5198, 5200, 5211, 5231, 5251, 5261, 5712 - 5714, 5718 - 5719, 5950, 7379, 7622 – 7623, 7629, 7641, 7692, 7699 
ЖД билеты: 4011, 4112 
Вет клиники и зоомагазины: 0742, 5995 
Искусство: 5932, 5937, 5949, 5970 - 5973 
Каршеринг: 7512 
Книги: 2741, 5111, 5192, 5942, 5994 
Косметика: 5311, 5977 
Медицинские клиники: 4119, 5047, 5975, 5976, 8011, 8021, 8031, 8041, 8042, 8043, 8044, 8049, 8050, 8062, 8071, 8099 
Музыка: 5733, 5735 
Образование: 8211, 8220, 8241, 8244, 8249, 8299, 8351 
Одежда и обувь: 5137, 5139, 5611, 5621, 5631, 5651, 5661, 5681, 5691, 5599, 5931 
Отели: 3501 - 3827, 3830 - 3838, 4722, 7011, 7032, 7033
Развлечения: 5816, 7829, 7832, 7841, 7911, 7922, 7929, 7932 - 7933, 7992, 7993, 7994, 7996, 7998 - 7999 
Рестораны: 5811 - 5813 
Салоны красоты и СПА: 7230, 7297, 7298 
Спорттовары: 5655, 5940 - 5941 
Супермаркеты: 5411 - 5412, 5422, 5441, 5451, 5462, 5499, 5921 
Такси: 4121 
Товары для детей: 5641, 5945 
Топливо и АЗС: 5172, 5541, 5542, 5552, 5983 
Транспорт: 4111, 4131, 4784, 4789, 7519, 7523 
Фастфуд: 5814 
Фитнес: 7941, 7997 
Фото и видео: 5044, 5045, 5946, 7221, 7332, 7333, 7338, 7339, 7395 
Химчистки: 7216 
Цветы: 5193, 5992 
Электроника и бытовая техника: 5722, 5732 
Ювелирные изделия: 5094, 5944